0.0412491224706 0.036849219352 0.265510112047
0.00671420944855 0.0368731170893 0.265682309866
-0.0280859265476 0.0368971973658 0.265855818987
-0.0624901764095 0.0367005802691 0.266027361155
0.0414689928293 0.00120997068007 0.265509307384
-0.0280859582126 0.00121155113447 0.26585611701
0.00693432614207 0.000990618020296 0.265681505203
-0.06249024719 0.000991908716969 0.266027659178
0.0412492156029 -0.0342093519866 0.265510708094
0.00671422434971 -0.03445167467 0.265682905912
-0.0280859898776 -0.0344741754234 0.265856415033
-0.0627110004425 -0.0347169861197 0.266029059887
